0 -0.0007 -0.0008 0.0000 -0.0150 0.1285 0.0004 0.9916
1 -0.0058 0.0051 0.0413 -0.0374 0.1641 0.0552 0.9842
2 0.0322 0.0118 0.1109 -0.0378 0.1703 0.1073 0.9788
3 0.0535 0.0322 0.2949 -0.0237 0.1407 0.1764 0.9739
4 0.0982 0.0251 0.5078 -0.0110 0.1390 0.2268 0.9639
5 0.1316 0.0084 0.4140 -0.0007 0.1404 0.2916 0.9462
6 0.1522 0.0086 0.6322 0.0197 0.1395 0.3422 0.9290
7 0.1863 -0.0171 0.8562 0.0119 0.1495 0.4080 0.9006
8 0.2788 -0.0385 0.7867 -0.0235 0.1339 0.4594 0.8778
9 0.3611 -0.0706 1.2664 -0.0776 0.1168 0.4287 0.8925
10 0.3734 -0.0757 0.5243 -0.0753 0.1251 0.4266 0.8926
11 0.5501 0.0408 1.0086 -0.0801 0.0849 0.4150 0.9023
12 0.7053 0.1404 1.2296 -0.0985 0.0660 0.3679 0.9223
13 0.7321 0.1559 0.5003 -0.0845 0.0742 0.3487 0.9305
14 0.8607 0.2736 0.9178 -0.0188 0.0535 0.2929 0.9545
15 0.9194 0.2567 0.7618 -0.0024 0.0473 0.2412 0.9693
16 0.9926 0.2381 1.0150 0.0331 0.0437 0.1886 0.9805
17 1.0748 0.2191 0.4684 0.0490 0.0785 0.1486 0.9846
18 1.2145 0.2507 0.8975 0.0963 0.1299 0.2011 0.9661
19 1.3745 0.2750 0.9278 0.1102 0.1317 0.1433 0.9747
20 1.4307 0.2574 0.4922 0.0961 0.1380 0.0925 0.9814
21 1.5750 0.2724 0.8686 0.0964 0.1391 0.0317 0.9851
22 1.7493 0.2299 0.7507 0.0949 0.1282 -0.0226 0.9869
23 1.9376 0.1757 1.1092 0.1147 0.1191 -0.0824 0.9828
24 2.4241 0.1384 1.0483 0.0732 0.0834 -0.0215 0.9936
25 2.6493 0.1905 1.0162 0.0446 0.0500 0.0306 0.9973
26 3.0394 0.2415 1.0070 0.0216 0.0710 -0.0297 0.9968
27 3.2484 0.2217 0.5472 0.0330 0.0659 -0.0509 0.9960
28 3.5366 0.2624 0.9836 0.0190 0.0583 -0.0380 0.9974
29 3.7673 0.2919 1.0569 -0.0070 0.0527 0.0190 0.9984
30 4.0403 0.3694 0.6367 -0.0429 0.0429 0.0276 0.9978
31 4.2781 0.3656 0.9512 -0.0288 0.0627 -0.0358 0.9970
32 4.7831 0.3724 0.8755 0.0015 0.0844 -0.0039 0.9964
33 5.2920 0.4095 0.7926 -0.0238 0.0565 -0.0178 0.9980
34 5.5570 0.3848 0.5391 -0.0004 0.0504 -0.0749 0.9959
35 5.9289 0.4089 0.8935 0.0023 0.0561 -0.0336 0.9979
36 6.4238 0.4278 0.7424 -0.0050 0.0494 -0.0337 0.9982
37 6.6456 0.4033 0.9939 -0.0022 0.0488 -0.0849 0.9952
38 7.1472 0.3474 0.9568 0.0097 0.0454 -0.0633 0.9969
39 7.6091 0.2713 0.7780 -0.0056 0.0517 -0.0841 0.9951
40 8.1113 0.1702 0.8595 0.0035 0.0450 -0.0926 0.9947
41 8.6184 0.1209 0.7632 -0.0056 0.0379 -0.0533 0.9978
42 9.0745 0.0385 0.9595 -0.0056 0.0209 -0.1099 0.9937
43 9.3727 -0.0044 0.9802 -0.0022 0.0305 -0.0586 0.9978
44 9.7905 -0.0272 0.6970 -0.0210 0.0325 -0.0290 0.9988
45 10.1736 -0.0693 0.8851 -0.0032 0.0432 -0.0874 0.9952
46 10.6382 -0.1358 0.7375 -0.0090 0.0486 -0.0358 0.9981
47 11.0974 -0.1792 0.9556 -0.0197 0.0333 -0.0388 0.9985
48 11.4944 -0.2378 0.6549 -0.0113 0.0324 -0.0634 0.9974
49 11.6745 -0.2162 0.8895 0.0010 0.0418 -0.0120 0.9991
50 11.9309 -0.2160 0.9474 -0.0117 0.0510 0.0428 0.9977
51 12.4301 -0.2549 1.0094 -0.0122 0.0584 -0.0005 0.9982
52 12.8947 -0.2723 0.5120 0.0029 0.0589 0.0260 0.9979
53 13.4091 -0.2909 0.5668 -0.0094 0.0438 0.0311 0.9985
54 13.8420 -0.2917 0.9540 -0.0075 0.0180 -0.0058 0.9998
55 13.8748 -0.3001 0.4304 -0.0115 0.0136 -0.0081 0.9998
56 14.0366 -0.2954 0.9347 -0.0101 0.0347 0.0413 0.9985
57 14.5375 -0.3026 0.7982 -0.0363 0.0443 0.0808 0.9951
58 14.9118 -0.2102 0.4520 -0.0165 0.0322 0.0446 0.9983
59 15.1015 -0.1525 0.8587 -0.0142 0.0291 0.0968 0.9948
60 15.4258 -0.1112 1.0084 -0.0263 0.0395 0.1486 0.9878
61 15.5163 -0.0796 0.5165 -0.0363 0.0415 0.1676 0.9843
62 15.6932 0.0133 0.9987 -0.0352 0.0283 0.1691 0.9846
63 16.0795 0.1228 0.4664 -0.0272 0.0215 0.1525 0.9877
64 16.2147 0.2268 0.8319 -0.0123 0.0161 0.2076 0.9780
65 16.4272 0.2830 0.7855 -0.0301 0.0290 0.2585 0.9651
66 16.9146 0.4958 0.8476 -0.0272 0.0461 0.2360 0.9703
67 17.4034 0.7296 0.8220 -0.0411 0.0450 0.2844 0.9568
68 17.8385 0.9732 0.6932 -0.0468 0.0564 0.2858 0.9555
69 18.2092 1.3040 0.8728 -0.0229 0.0476 0.3094 0.9495
70 18.4361 1.4472 0.8064 -0.0412 0.0721 0.3607 0.9290
71 18.8508 1.7347 0.7536 -0.0518 0.0588 0.3190 0.9445
72 19.2113 2.0544 0.5926 -0.0484 0.0472 0.3593 0.9308
73 19.3036 2.1868 0.7184 -0.0442 0.0608 0.4055 0.9110
74 19.6751 2.5894 0.8022 -0.0387 0.0440 0.4112 0.9097
75 19.9074 2.8075 0.7609 -0.0347 0.0294 0.4666 0.8833
76 19.9603 2.9769 0.5873 -0.0347 0.0319 0.5139 0.8566
77 20.0011 3.1843 0.7755 -0.0453 0.0371 0.5699 0.8196
78 20.0912 3.5554 0.5540 -0.0732 0.0565 0.6104 0.7867
79 20.1709 3.8530 0.8039 -0.0516 0.0388 0.6544 0.7534
80 20.2308 4.1019 0.5911 -0.0635 0.0425 0.6928 0.7171
81 20.1751 4.3836 0.3726 -0.0667 0.0402 0.7351 0.6735
82 20.2091 4.7243 0.8253 -0.0607 0.0311 0.7127 0.6982
83 20.2401 5.2173 0.6436 -0.0505 0.0193 0.7274 0.6841
84 20.2259 5.6878 0.8661 -0.0797 0.0313 0.7447 0.6618
85 20.2609 5.9703 0.8468 -0.0795 0.0338 0.7093 0.6996
86 20.2305 6.4728 0.7803 -0.0687 0.0321 0.7412 0.6670
87 20.1424 6.9445 0.6281 -0.0744 0.0324 0.7532 0.6527
88 20.0417 7.4532 0.6044 -0.0680 0.0375 0.7736 0.6288
89 19.9317 7.6876 0.4447 -0.0767 0.0317 0.8095 0.5813
90 19.7611 8.1045 0.7388 -0.0732 0.0221 0.8294 0.5534
91 19.6505 8.4115 0.5468 -0.0647 0.0244 0.8572 0.5104
92 19.6378 8.6595 0.4454 -0.0876 0.0101 0.8832 0.4607
93 19.5025 9.1028 0.6707 -0.1122 0.0188 0.8624 0.4932
94 19.3248 9.5884 0.5982 -0.0698 0.0452 0.8618 0.5004
95 19.2959 9.8118 0.7569 -0.0537 0.0443 0.8907 0.4491
96 19.0726 10.1528 0.6804 -0.0877 0.0322 0.8629 0.4967
97 18.6528 10.4332 0.6215 -0.1244 0.0218 0.8826 0.4529
98 18.4688 10.5698 0.5372 -0.1088 0.0249 0.9071 0.4058
99 18.2821 10.6480 0.6904 -0.1042 0.0365 0.9339 0.3400
100 18.0111 10.9752 0.4167 -0.0907 0.0176 0.9440 0.3168
101 17.8294 11.1623 0.3508 -0.0786 0.0083 0.9278 0.3646
102 17.5618 11.4880 0.6784 -0.0803 0.0007 0.9396 0.3328
103 17.3741 11.6365 0.6352 -0.0968 -0.0123 0.9546 0.2814
104 16.9429 11.9285 0.5807 -0.1075 -0.0041 0.9524 0.2854
105 16.7780 12.0334 0.5795 -0.0955 -0.0025 0.9681 0.2317
106 16.6581 12.1161 0.5455 -0.0947 -0.0152 0.9803 0.1725
107 16.5586 12.1914 0.5082 -0.0981 -0.0236 0.9875 0.1214
108 16.1069 12.4077 0.5905 -0.0768 -0.0286 0.9926 0.0897
109 15.5922 12.4655 0.6616 -0.0611 0.0093 0.9961 0.0627
110 15.4308 12.5096 0.6473 -0.0561 0.0026 0.9984 0.0089
111 15.2699 12.5300 0.5606 0.0514 0.0152 -0.9973 0.0507
112 14.7198 12.5731 0.5332 -0.0470 -0.0031 0.9989 0.0055
113 14.2367 12.6244 0.7045 0.0575 -0.0046 -0.9983 0.0065
114 13.7174 12.6236 0.7747 -0.0758 -0.0101 0.9970 0.0124
115 13.2155 12.6925 0.7870 -0.0946 -0.0043 0.9946 0.0435
116 12.8200 12.6627 0.4725 0.1105 0.0118 -0.9938 0.0067
117 12.4358 12.6630 0.4995 -0.1313 0.0068 0.9899 0.0522
118 11.9613 12.7794 0.6806 -0.1068 0.0040 0.9936 0.0366
119 11.4454 12.7752 0.6552 0.1233 0.0139 -0.9923 0.0042
120 11.1159 12.8085 0.6549 -0.1054 0.0002 0.9933 0.0476
121 10.6670 12.8219 0.4095 0.1088 0.0179 -0.9938 0.0124
122 10.2075 12.7884 0.7047 0.1037 0.0166 -0.9934 0.0462
123 9.8292 12.7987 0.5480 -0.0979 0.0104 0.9951 0.0088
124 9.4718 12.8111 0.4093 0.1007 0.0059 -0.9937 0.0493
125 9.0596 12.7634 0.7180 0.1088 0.0180 -0.9920 0.0611
126 8.7310 12.7634 0.5530 0.1028 -0.0043 -0.9947 0.0070
127 8.2202 12.7602 0.6129 0.0918 -0.0019 -0.9953 0.0300
128 7.7170 12.7417 0.4090 0.0795 0.0067 -0.9965 0.0257
129 7.2980 12.7101 0.5930 -0.0855 0.0066 0.9960 0.0257
130 6.8264 12.7587 0.7652 0.0842 0.0078 -0.9964 0.0082
131 6.5245 12.8186 0.4872 -0.0911 -0.0150 0.9946 0.0480
132 6.2902 12.8368 0.7375 -0.0897 0.0083 0.9906 0.1028
133 5.8182 12.9259 0.5782 -0.1097 -0.0028 0.9891 0.0978
134 5.2881 12.9939 0.5366 -0.0972 -0.0046 0.9888 0.1136
135 5.0667 13.0474 0.5454 -0.0936 0.0175 0.9809 0.1694
136 4.5918 13.1829 0.7202 -0.0855 -0.0024 0.9888 0.1224
137 4.2128 13.2069 0.3792 -0.0738 -0.0019 0.9899 0.1209
138 3.9243 13.3157 0.5910 -0.0826 0.0074 0.9812 0.1740
139 3.5373 13.3985 0.6164 -0.0685 0.0055 0.9905 0.1195
140 3.3028 13.3880 0.4726 -0.0851 -0.0047 0.9943 0.0640
141 2.8647 13.4396 0.7548 -0.0756 -0.0078 0.9933 0.0875
142 2.3695 13.4893 0.6871 -0.0723 -0.0033 0.9966 0.0402
143 2.1357 13.4980 0.5678 0.0778 0.0293 -0.9964 0.0181
144 1.6236 13.3954 0.7404 0.0552 0.0148 -0.9983 0.0113
145 1.3640 13.3669 0.9178 0.0456 0.0298 -0.9964 0.0646
146 1.3122 13.3526 0.3100 0.0476 0.0339 -0.9949 0.0822
147 1.1741 13.2666 0.7677 0.0557 0.0418 -0.9868 0.1463
148 1.0290 13.2143 0.6667 0.0526 0.0517 -0.9774 0.1981
149 0.7865 12.9802 0.7136 0.0525 -0.0131 -0.9724 0.2269
150 0.5762 12.8197 0.7344 0.0396 0.0356 -0.9541 0.2948
151 0.5083 12.8040 0.9275 0.0396 0.0601 -0.9319 0.3555
152 0.4874 12.7857 0.3250 0.0347 0.0625 -0.9230 0.3781
153 0.4549 12.7057 0.5094 0.0445 0.0685 -0.8995 0.4292
154 0.4093 12.6451 0.6816 0.0343 0.0808 -0.8745 0.4770
155 0.4281 12.5878 0.5135 0.0394 0.0951 -0.8444 0.5257
156 0.4388 12.5031 0.7181 0.0245 0.0953 -0.8051 0.5849
157 0.4580 12.4574 0.8588 0.0175 0.1089 -0.7670 0.6321
158 0.4794 12.4183 0.5225 0.0344 0.1091 -0.7233 0.6809
159 0.4639 12.3361 0.7496 0.0295 0.0930 -0.6857 0.7213
160 0.4735 12.3076 0.6719 0.0367 0.1025 -0.6408 0.7600
161 0.4854 12.2679 0.8398 0.0272 0.0926 -0.5947 0.7982
162 0.4763 12.2115 0.3797 0.0172 0.1106 -0.5397 0.8344
163 0.4202 12.0950 0.7497 0.0321 0.0832 -0.4969 0.8632
164 0.5677 11.7850 0.4207 -0.0167 0.1035 -0.5103 0.8536
165 0.6997 11.7183 0.6268 -0.0394 0.0904 -0.4631 0.8808
166 0.7563 11.6724 0.9094 -0.0406 0.0953 -0.4107 0.9059
167 0.8526 11.6361 0.4999 -0.0120 0.0972 -0.3570 0.9290
168 0.9784 11.5107 0.5790 0.0272 0.0740 -0.3124 0.9467
169 1.0287 11.1796 0.6515 0.0435 0.0936 -0.3613 0.9267
170 0.9885 11.0296 0.6549 0.0330 0.0887 -0.4107 0.9069
171 1.0364 10.8879 0.7525 0.0285 0.0910 -0.4570 0.8843
172 1.0570 10.7520 0.6217 0.0150 0.0894 -0.5106 0.8550
173 1.0849 10.6259 0.6228 0.0157 0.0842 -0.5571 0.8260
174 1.1394 10.4031 0.7994 0.0142 0.0723 -0.5991 0.7973
175 1.2388 10.0405 0.7461 0.0165 0.0816 -0.5544 0.8281
176 1.4009 9.5638 0.7242 0.0111 0.0690 -0.5854 0.8077
177 1.4461 9.0713 0.8622 -0.0053 0.0590 -0.5683 0.8207
178 1.6095 8.5741 0.6204 -0.0159 0.0847 -0.5505 0.8304
179 1.6659 8.1036 0.8011 -0.0102 0.0616 -0.5607 0.8257
180 1.7674 7.8170 0.8505 -0.0130 0.0733 -0.5146 0.8542
181 1.8960 7.3173 0.9013 -0.0091 0.0797 -0.5506 0.8309
182 2.0913 6.8592 0.7200 -0.0077 0.0786 -0.5176 0.8520
183 2.2190 6.4962 0.8154 -0.0211 0.0926 -0.4717 0.8767
184 2.4593 6.0507 0.6831 -0.0048 0.0743 -0.4851 0.8713
185 2.5668 5.8804 0.6863 -0.0004 0.0894 -0.4348 0.8961
186 2.7334 5.7063 0.8263 0.0166 0.1223 -0.3878 0.9134
187 3.0439 5.3049 0.8003 0.0390 0.1560 -0.3908 0.9063
188 3.3755 4.9096 0.7405 0.0414 0.1706 -0.3468 0.9214
189 3.7290 4.6593 0.6087 0.0381 0.1392 -0.3007 0.9427
190 4.0082 4.3341 0.5015 0.0309 0.1050 -0.3535 0.9290
191 4.2970 4.1089 0.8035 0.0215 0.0918 -0.2999 0.9493
192 4.7425 3.8032 0.7083 0.0145 0.1062 -0.2917 0.9505
193 5.0223 3.5711 0.4963 0.0222 0.0971 -0.3412 0.9347
194 5.3445 3.3261 0.8488 0.0153 0.1067 -0.2876 0.9517
195 5.7766 3.1023 0.6152 0.0008 0.1231 -0.2570 0.9585
196 6.1778 2.7930 0.7198 0.0110 0.1082 -0.2874 0.9516
197 6.5617 2.5541 0.5158 0.0116 0.1410 -0.2359 0.9614
198 6.9736 2.3466 0.7198 0.0084 0.1247 -0.2662 0.9558
199 7.4013 2.1021 0.7533 0.0029 0.1141 -0.2058 0.9719
200 7.6990 2.0333 0.5134 -0.0103 0.1265 -0.1501 0.9805
201 8.1527 1.9112 0.7233 -0.0133 0.1300 -0.1352 0.9822
202 8.5848 1.8087 0.6560 -0.0248 0.1126 -0.0726 0.9907
203 8.8600 1.8320 0.8836 -0.0275 0.1299 -0.0171 0.9910
204 9.3587 1.7978 0.7912 -0.0343 0.1147 -0.0207 0.9926
205 9.8877 1.7969 0.7243 -0.0200 0.0990 -0.0216 0.9946
206 10.2704 1.7926 0.5414 -0.0232 0.1008 0.0303 0.9942
207 10.6713 1.7947 0.8934 -0.0301 0.1085 0.0040 0.9936
208 11.1701 1.7592 0.6384 -0.0220 0.0954 -0.0005 0.9952
209 11.6854 1.7798 0.8255 -0.0312 0.1163 0.0346 0.9921
210 12.2118 1.7714 0.5648 -0.0226 0.1033 -0.0208 0.9942
211 12.6264 1.8056 0.8815 -0.0335 0.1147 0.0295 0.9924
212 13.1127 1.9163 0.7816 -0.0413 0.1047 0.0631 0.9916
213 13.6162 1.9810 0.6866 -0.0338 0.0957 0.0718 0.9922
214 13.7586 2.0225 0.7487 -0.0511 0.1035 0.1242 0.9855
215 13.9675 2.1068 0.9599 -0.0655 0.1098 0.1825 0.9749
216 14.4222 2.2504 0.8064 -0.0681 0.1074 0.1945 0.9726
217 14.9031 2.4387 0.7087 -0.0585 0.0888 0.2382 0.9654
218 15.1379 2.5945 0.8543 -0.0665 0.0995 0.2963 0.9476
219 15.5572 2.9189 0.7848 -0.0722 0.0961 0.2974 0.9472
220 15.8678 3.1749 0.8400 -0.0672 0.0951 0.3522 0.9287
221 16.0617 3.3890 0.8273 -0.0820 0.1031 0.4055 0.9046
222 16.4138 3.7594 0.7027 -0.0752 0.1015 0.3931 0.9108
223 16.7094 4.0980 0.6676 -0.0814 0.0856 0.4450 0.8877
224 16.8162 4.3124 0.6745 -0.0863 0.0952 0.4906 0.8619
225 17.1149 4.7604 0.6997 -0.0795 0.0926 0.4895 0.8634
226 17.1689 4.9873 0.5693 -0.0898 0.0823 0.5413 0.8319
227 17.1882 5.1467 0.6225 -0.1052 0.0905 0.5861 0.7983
228 17.2401 5.3353 0.8305 -0.1170 0.0782 0.6353 0.7594
229 17.2205 5.8628 0.7941 -0.1062 0.0591 0.6796 0.7235
230 17.1645 6.0406 0.6348 -0.1031 0.0512 0.7264 0.6775
231 17.0966 6.1636 0.6529 -0.1239 0.0531 0.7664 0.6280
232 17.0771 6.2534 0.7451 -0.1303 0.0451 0.7989 0.5854
233 17.0240 6.3406 0.8088 -0.1446 0.0292 0.8285 0.5402
234 16.9059 6.4062 0.6218 -0.1470 0.0118 0.8602 0.4882
235 16.6762 6.4409 0.6273 -0.1455 -0.0021 0.8854 0.4414
236 16.5498 6.4789 0.7624 -0.1292 -0.0167 0.9121 0.3887
237 16.4574 6.4634 0.6727 -0.1194 -0.0201 0.9395 0.3205
238 16.3997 6.4433 0.7717 -0.1203 -0.0288 0.9566 0.2640
239 16.3523 6.4123 0.8039 -0.1259 -0.0324 0.9699 0.2058
240 16.2801 6.3577 0.6530 -0.1293 -0.0346 0.9816 0.1363
241 16.2138 6.3054 0.6740 -0.1283 -0.0340 0.9884 0.0731
242 16.1372 6.2497 0.6543 -0.1420 -0.0399 0.9891 0.0049
243 16.0894 6.1855 0.6411 0.1445 0.0417 -0.9864 0.0659
244 16.0446 6.1204 0.4732 0.1456 0.0528 -0.9793 0.1306
245 16.0001 6.0425 0.4947 0.1413 0.0620 -0.9709 0.1832
246 15.9543 5.9266 0.5772 0.1431 0.0696 -0.9579 0.2388
247 15.9376 5.7579 0.5719 0.1258 0.0755 -0.9426 0.3000
248 15.6722 5.5643 0.6161 0.0934 0.0614 -0.9257 0.3615
249 15.5566 5.4714 0.7685 0.0875 0.0673 -0.9056 0.4096
250 15.5430 5.3237 0.6754 0.0816 0.0599 -0.8821 0.4601
251 15.4552 5.1508 0.5592 0.0830 0.0679 -0.8565 0.5049
252 15.2697 4.7879 0.8813 0.0895 0.0738 -0.8573 0.5015
253 15.0144 4.4735 0.5374 0.0878 0.0439 -0.8791 0.4665
254 14.7317 4.1185 0.7740 0.0721 0.0547 -0.8715 0.4820
255 14.6308 3.9864 0.7791 0.0888 0.0477 -0.8947 0.4350
256 14.4868 3.9153 0.8815 0.1003 0.0397 -0.9186 0.3802
257 14.3827 3.8652 0.7140 0.1019 0.0324 -0.9380 0.3296
258 14.2582 3.8317 0.8156 0.1059 0.0241 -0.9568 0.2698
259 13.9806 3.7702 0.7916 0.1054 0.0144 -0.9726 0.2069
260 13.6115 3.7410 0.7791 0.0870 0.0229 -0.9833 0.1585
261 13.4635 3.6945 0.8334 0.0854 0.0143 -0.9909 0.1035
262 13.3344 3.6918 0.9469 0.1055 0.0099 -0.9934 0.0432
263 13.1161 3.6825 0.8487 -0.1032 0.0030 0.9943 0.0255
264 12.6489 3.7785 0.6917 -0.0931 0.0047 0.9946 0.0461
265 12.1397 3.8281 0.8669 -0.0926 0.0034 0.9921 0.0847
266 11.8289 3.9027 0.8198 -0.0888 0.0175 0.9857 0.1423
267 11.4381 3.9911 0.5847 -0.0878 -0.0030 0.9925 0.0849
268 11.0204 4.0783 0.8757 -0.0853 -0.0179 0.9947 0.0550
269 10.5156 4.1340 0.8972 -0.0773 -0.0123 0.9945 0.0696
270 10.2586 4.1410 0.7295 -0.0926 -0.0159 0.9955 0.0104
271 9.7642 4.1238 0.3865 0.0902 0.0290 -0.9950 0.0326
272 9.4063 4.1561 0.7871 -0.0928 0.0060 0.9956 0.0122
273 8.8817 4.1686 0.7774 0.0901 0.0014 -0.9952 0.0377
274 8.5645 4.1897 0.3846 0.1047 0.0113 -0.9941 0.0241
275 8.2845 4.1764 0.6152 -0.1151 0.0103 0.9926 0.0366
276 7.7831 4.2748 0.7645 -0.1223 0.0108 0.9916 0.0414
277 7.2681 4.3107 0.6895 -0.1144 0.0065 0.9913 0.0653
278 7.0482 4.4231 0.7539 -0.1198 0.0221 0.9849 0.1227
279 6.5544 4.5539 0.7741 -0.0976 0.0314 0.9825 0.1557
280 6.2288 4.8478 0.9177 -0.0914 0.0266 0.9735 0.2082
281 6.0333 4.9728 0.7739 -0.1054 0.0309 0.9570 0.2685
282 5.8599 5.0265 0.7908 -0.1118 0.0452 0.9382 0.3243
283 5.4591 5.4030 0.8321 -0.0932 0.0295 0.9484 0.3018
284 5.2992 5.6377 0.9290 -0.0886 0.0209 0.9322 0.3502
285 5.2663 5.7815 0.6666 -0.0758 0.0180 0.9108 0.4055
286 5.0201 6.0349 0.7488 -0.0851 0.0385 0.8790 0.4676
287 4.7464 6.4828 0.8239 -0.0927 0.0436 0.8819 0.4602
288 4.6660 6.8345 0.5843 -0.0720 0.0391 0.8562 0.5101
289 4.4990 7.0554 0.7615 -0.0708 0.0530 0.8243 0.5592
290 4.4816 7.2410 0.8880 -0.0567 0.0647 0.7921 0.6043
291 4.5453 7.7654 0.8819 -0.0623 0.0746 0.7533 0.6504
292 4.6282 7.9008 0.8457 -0.0513 0.0805 0.7160 0.6916
293 4.6451 8.0144 0.5869 -0.0514 0.0672 0.6791 0.7292
294 4.6943 8.1115 0.6680 -0.0564 0.0935 0.6224 0.7750
295 4.7329 8.2150 0.6369 -0.0420 0.0951 0.5646 0.8188
296 4.7930 8.2693 0.6986 -0.0424 0.1108 0.5129 0.8502
297 5.0309 8.4657 0.6163 -0.0573 0.1274 0.4547 0.8796
298 5.1958 8.5209 0.6929 -0.0544 0.1163 0.4098 0.9031
299 5.3504 8.5985 0.8258 -0.0534 0.1097 0.3630 0.9238
300 5.5184 8.6800 0.4701 -0.0440 0.1021 0.3024 0.9467
301 5.6838 8.7173 0.6615 -0.0507 0.1095 0.2413 0.9629
302 5.8654 8.7563 0.6889 -0.0401 0.1121 0.1764 0.9771
303 5.9755 8.7575 0.7938 -0.0385 0.1127 0.1248 0.9850
304 6.3274 8.8010 0.6034 -0.0364 0.1190 0.0740 0.9895
305 6.8413 8.9561 0.5946 -0.0188 0.1159 0.0710 0.9905
306 7.1430 8.9735 0.7101 -0.0069 0.0906 0.0120 0.9958
307 7.6418 8.9746 0.8650 -0.0190 0.0922 0.0251 0.9952
308 8.0765 9.0286 0.4300 -0.0256 0.0854 0.0516 0.9947
309 8.4248 9.0248 0.6143 -0.0097 0.0905 -0.0051 0.9958
310 8.9390 9.0108 0.7766 -0.0094 0.0745 -0.0050 0.9972
311 9.4013 9.0464 0.4384 -0.0262 0.0719 0.0379 0.9963
312 9.7393 9.0297 0.5912 -0.0203 0.0798 -0.0213 0.9964
313 10.2696 9.0247 0.6760 -0.0058 0.0884 -0.0206 0.9959
314 10.5829 9.0634 0.7450 -0.0193 0.0738 0.0368 0.9964
315 11.0761 9.0501 0.5915 -0.0202 0.0879 -0.0065 0.9959
316 11.6102 9.0841 0.6693 -0.0109 0.0947 -0.0079 0.9954
317 12.0876 9.0103 0.4650 -0.0272 0.0930 0.0139 0.9952
318 12.4762 8.9978 0.6503 -0.0104 0.1151 -0.0439 0.9923
319 13.0164 8.9891 0.7015 -0.0034 0.0991 -0.0201 0.9949
320 13.4902 8.8586 0.5791 -0.0345 0.0938 -0.0188 0.9948
321 13.9615 8.9354 0.7402 -0.0021 0.0588 -0.0426 0.9974
322 14.3337 9.0169 0.5951 -0.0112 0.0638 0.0177 0.9977
323 14.8508 8.9080 0.6835 -0.0398 0.0797 0.0236 0.9957
324 15.3901 8.9790 0.5459 -0.0185 0.0558 0.0090 0.9982
325 15.7597 8.9904 0.7329 -0.0315 0.0656 0.0696 0.9949
326 16.2776 9.0720 0.5182 -0.0201 0.0674 0.0182 0.9974
327 16.7775 9.1226 0.6916 -0.0313 0.0670 0.0666 0.9950
328 16.9943 9.2449 0.7877 -0.0398 0.0660 0.1186 0.9899
329 17.4287 9.3937 0.5533 -0.0350 0.0609 0.1045 0.9920
330 17.6750 9.5187 0.5093 -0.0468 0.0452 0.1695 0.9834
331 17.7794 9.6421 0.6465 -0.0462 0.0537 0.2211 0.9727
332 17.9125 9.7712 0.6535 -0.0651 0.0566 0.2903 0.9531
333 18.0097 9.8909 0.8271 -0.0868 0.0410 0.3411 0.9351
334 18.0924 10.1892 0.7129 -0.0823 0.0235 0.4015 0.9119
335 18.0729 10.3079 0.8430 -0.0744 0.0227 0.4498 0.8897
336 18.0345 10.4197 0.9461 -0.0674 0.0053 0.5111 0.8568
337 18.0020 10.5141 0.6487 -0.0581 0.0012 0.5578 0.8279
338 17.9526 10.6000 0.7134 -0.0709 0.0089 0.6133 0.7866
339 17.8885 10.6477 0.7487 -0.0730 0.0028 0.6690 0.7397
340 17.8143 10.6970 0.5350 -0.0915 0.0180 0.7204 0.6872
341 17.7417 10.7229 0.5646 -0.0993 0.0197 0.7767 0.6217
342 17.6590 10.7552 0.5870 -0.1080 0.0132 0.8219 0.5591
343 17.5535 10.7703 0.6567 -0.1076 0.0090 0.8517 0.5127
344 17.3903 10.7754 0.5599 -0.1192 0.0113 0.8773 0.4648
345 17.2078 10.7656 0.6976 -0.1162 0.0117 0.9071 0.4044
346 17.0850 10.8710 0.4467 -0.1012 0.0045 0.9336 0.3436
347 16.9576 10.9718 0.5522 -0.0871 0.0042 0.9562 0.2794
348 16.8628 10.9691 0.4718 -0.0871 0.0035 0.9707 0.2240
349 16.7622 10.9269 0.6262 -0.0899 0.0068 0.9810 0.1717
350 16.6148 10.9475 0.3429 -0.0960 -0.0014 0.9884 0.1177
351 16.4980 10.9367 0.5171 -0.0944 -0.0021 0.9935 0.0632
352 16.2267 10.8855 0.6709 -0.0936 -0.0149 0.9955 0.0062
353 15.7132 10.9358 0.6172 -0.0659 0.0019 0.9968 0.0453
354 15.2610 10.9702 0.5411 0.0657 0.0080 -0.9978 0.0066
355 14.7397 11.0237 0.4580 -0.0886 -0.0140 0.9952 0.0379
356 14.2560 11.1124 0.6642 -0.0772 -0.0023 0.9952 0.0598
357 13.8194 11.1198 0.6217 0.0676 0.0138 -0.9976 0.0018
358 13.3831 11.1414 0.4815 -0.0657 -0.0043 0.9964 0.0533
359 12.9184 11.1817 0.7357 -0.0594 -0.0058 0.9967 0.0551
360 12.6416 11.1926 0.5940 -0.0671 -0.0136 0.9976 0.0040
361 12.1377 11.1604 0.4992 -0.0721 -0.0081 0.9971 0.0234
362 11.6304 11.1790 0.6538 -0.0618 0.0024 0.9976 0.0315
363 11.3134 11.2085 0.5945 0.0716 0.0084 -0.9971 0.0224
364 10.8838 11.2412 0.5278 -0.0732 0.0015 0.9968 0.0321
365 10.4044 11.1936 0.7020 -0.0716 0.0115 0.9972 0.0192
366 10.0542 11.2384 0.7157 0.0688 0.0069 -0.9970 0.0360
367 9.6500 11.2797 0.5528 -0.0801 -0.0078 0.9966 0.0145
368 9.1092 11.2211 0.6405 -0.0737 0.0072 0.9967 0.0320
369 8.6043 11.2961 0.5459 0.0799 0.0103 -0.9966 0.0176
370 8.1963 11.2398 0.6172 -0.0861 0.0034 0.9955 0.0386
371 7.6673 11.2706 0.7313 -0.0956 -0.0010 0.9954 0.0063
372 7.1664 11.2088 0.7118 0.0863 0.0241 -0.9958 0.0182
373 6.6536 11.1987 0.6951 -0.0828 -0.0076 0.9963 0.0227
374 6.4013 11.1744 0.8059 0.0999 0.0155 -0.9945 0.0289
375 6.1221 11.1199 0.6410 0.0896 0.0212 -0.9923 0.0832
376 5.6666 11.0538 0.4125 0.0991 0.0092 -0.9945 0.0332
377 5.2215 11.0197 0.6758 0.1053 -0.0048 -0.9944 0.0041
378 4.8638 10.9932 0.5596 0.1065 0.0168 -0.9921 0.0634
379 4.4154 10.9210 0.8346 0.1049 0.0205 -0.9933 0.0434
380 3.9228 10.8540 0.7362 0.0815 0.0196 -0.9954 0.0458
381 3.5609 10.7921 0.5997 0.0742 0.0347 -0.9915 0.1011
382 3.0971 10.6622 0.8085 0.0952 0.0279 -0.9929 0.0650
383 2.6490 10.4995 0.7595 0.0850 0.0374 -0.9871 0.1302
384 2.5381 10.4625 0.8352 0.0864 0.0520 -0.9775 0.1852
385 2.3895 10.3338 0.5441 0.0856 0.0627 -0.9615 0.2534
386 2.0896 10.0668 0.8524 0.0937 0.0648 -0.9468 0.3011
387 1.9277 9.8489 0.6727 0.0632 0.0473 -0.9326 0.3523
388 1.8346 9.7205 0.7285 0.0491 0.0623 -0.9050 0.4179
389 1.7706 9.6024 0.8316 0.0548 0.0816 -0.8792 0.4662
390 1.6999 9.4288 0.5487 0.0636 0.0899 -0.8504 0.5145
391 1.5974 8.9801 0.8136 0.0742 0.0902 -0.8264 0.5508
392 1.4797 8.5761 0.5854 0.0604 0.0698 -0.7953 0.5991
393 1.4752 8.3753 0.7996 0.0606 0.0792 -0.7605 0.6416
394 1.4503 8.0814 0.5942 0.0482 0.0849 -0.7264 0.6803
395 1.4053 7.6336 0.8175 0.0487 0.0809 -0.7429 0.6627
396 1.3724 7.1623 0.7393 0.0532 0.0713 -0.7084 0.7002
397 1.4185 6.6857 0.8978 0.0469 0.0808 -0.6992 0.7088
398 1.3599 6.5535 0.8352 0.0615 0.0825 -0.7353 0.6699
399 1.1983 6.0301 0.6683 0.0625 0.0728 -0.7396 0.6661
400 1.1731 5.5355 0.7991 0.0420 0.0877 -0.7363 0.6697
401 1.0291 5.1651 0.9540 0.0541 0.0961 -0.7722 0.6257
402 0.9930 4.8643 0.7113 0.0714 0.0613 -0.7379 0.6684
403 0.9209 4.7431 0.8407 0.0606 0.0749 -0.6961 0.7114
404 0.8669 4.3835 0.7661 0.0407 0.1086 -0.7376 0.6652
405 0.8031 4.1054 0.8151 0.0430 0.0498 -0.7760 0.6272
406 0.5794 3.6535 0.9922 0.0529 0.0166 -0.8001 0.5973
407 0.5774 3.4180 0.9187 0.0435 0.0120 -0.7612 0.6470
408 0.6269 3.2667 0.7518 0.0421 0.0323 -0.7150 0.6971
409 0.6388 3.1589 0.9271 0.0308 0.0543 -0.6736 0.7364
410 0.6740 2.7061 0.6765 0.0350 0.0642 -0.6786 0.7309
411 0.6552 2.4649 0.6538 0.0397 0.0455 -0.7172 0.6942
412 0.5931 2.0556 0.9899 0.0582 0.0473 -0.7172 0.6928
413 0.4977 1.6099 0.5874 0.0560 0.0487 -0.7451 0.6628
414 0.5300 1.4020 0.8377 0.0661 0.0608 -0.7830 0.6155
415 0.4070 1.2340 0.9239 0.0727 0.0450 -0.8208 0.5648
416 0.1885 0.7731 0.8667 0.0681 0.0694 -0.8230 0.5596
417 0.0470 0.4471 0.6020 0.0911 0.0883 -0.8486 0.5135
418 -0.0409 0.0865 0.7885 0.0610 0.0868 -0.8179 0.5655
419 -0.0711 0.0410 0.5816 0.0534 0.1070 -0.7812 0.6128
420 -0.0942 -0.0212 0.6773 0.0367 0.1283 -0.7403 0.6589
421 -0.1261 -0.1135 0.5777 0.0156 0.1559 -0.6870 0.7095
422 -0.1407 -0.1710 0.7124 0.0004 0.1691 -0.6323 0.7560
423 -0.1597 -0.2179 0.8181 -0.0124 0.2030 -0.5736 0.7935
424 -0.1149 -0.2545 0.7808 -0.0173 0.2066 -0.5252 0.8253
425 -0.0714 -0.2814 0.4593 -0.0148 0.1856 -0.4632 0.8665
426 -0.0033 -0.3133 0.4893 -0.0212 0.2014 -0.4101 0.8893
427 -0.0198 -0.3666 0.3370 -0.0071 0.2031 -0.3632 0.9093
428 -0.0697 -0.3956 0.2560 -0.0058 0.2275 -0.3026 0.9256
429 -0.1067 -0.3923 0.1349 0.0013 0.2512 -0.2518 0.9346
430 -0.1139 -0.3772 0.0848 0.0078 0.2606 -0.1970 0.9451
431 -0.1181 -0.3807 0.0185 0.0028 0.2228 -0.1428 0.9643
432 -0.1368 -0.3646 0.0077 -0.0061 0.1706 -0.1072 0.9795
433 -0.1592 -0.3701 -0.0035 -0.0017 0.1205 -0.0961 0.9881
